>GTCTGTGGTTT	RUNX1	8.0
0.1435	0.248	0.348	0.2605
0.117	0.2425	0.2335	0.407
0.0615	0.536	0.0745	0.328
0.0285	0.0	0.0035	0.968
0.0	0.0375	0.936	0.0265
0.0435	0.0635	0.035	0.858
0.0	0.0	0.9935	0.0065
0.0085	0.021	0.924	0.0465
0.005	0.2	0.1255	0.6695
0.0655	0.2315	0.0405	0.6625
0.25	0.079	0.1445	0.5265
>CGCCTCAGGCA	TFAP2A	8.0
0.3214016578749058	0.36529766390354185	0.05218538055764883	0.26111529766390357
0.024945375091041513	0.17625637290604515	0.7902403495994174	0.008557902403495994
0.0	0.9744860499265786	0.02551395007342144	0.0
0.0	0.9478664524192109	0.0019639350116050706	0.05016961256918408
0.006215859860614052	0.31003955547184026	0.12394047843284987	0.5598041062346958
0.10832705350414469	0.5052750565184627	0.3038809344385833	0.08251695553880935
0.6856281785647015	0.18741759276699943	0.11640610284422678	0.01054812582407233
0.1546218487394958	0.034224598930481284	0.811153552330023	0.0
0.0	0.0058052434456928835	0.9941947565543071	0.0
0.005783582089552239	0.8817164179104477	0.1085820895522388	0.003917910447761194
0.35135644310474756	0.1503391107761869	0.24397136397889976	0.2543330821401658
>CACGTG	Arnt	8.0
0.2	0.8	0.0	0.0
0.95	0.0	0.05	0.0
0.0	1.0	0.0	0.0
0.0	0.0	1.0	0.0
0.0	0.0	0.0	1.0
0.0	0.0	1.0	0.0
>TGCGTG	Ahr::Arnt	8.0
0.125	0.3333333333333333	0.08333333333333333	0.4583333333333333
0.0	0.0	0.9583333333333334	0.041666666666666664
0.0	0.9583333333333334	0.0	0.041666666666666664
0.0	0.0	0.9583333333333334	0.041666666666666664
0.0	0.0	0.0	1.0
0.0	0.0	1.0	0.0
>GGGAACACGGTGTACCC	Ar	8.0
0.35267569310122504	0.05383623468729852	0.5012894906511928	0.09219858156028368
0.29380475594493116	0.005319148936170213	0.6949311639549437	0.005944931163954944
0.002077382498052454	0.0	0.9963645806284082	0.0015580368735393405
0.44349759170062986	0.10781771026306039	0.06817339755464986	0.3805113004816599
0.9949494949494949	0.002295684113865932	0.0013774104683195593	0.0013774104683195593
0.0018181818181818182	0.995	0.0022727272727272726	0.0009090909090909091
0.867883528900478	0.008691873098652759	0.11864406779661017	0.0047805302042590175
0.0806647750304013	0.4977705715443859	0.13295500608025942	0.28860964734495337
0.2099550898203593	0.2286676646706587	0.3708832335329341	0.1904940119760479
0.2616984402079723	0.08665511265164645	0.579896013864818	0.07175043327556326
0.011591148577449948	0.09729539866526168	0.0028099754127151387	0.8883034773445733
0.0	0.0011040574109853713	0.9986199282362683	0.0002760143527463428
0.007874015748031496	0.0014316392269148174	0.0	0.9906943450250537
0.4541999239832763	0.042569365260357275	0.08741923223109084	0.41581147852527556
0.0032095369096744614	0.9931224209078404	0.0	0.0036680421824850985
0.013305613305613306	0.6411642411642412	0.0008316008316008316	0.3446985446985447
0.15478761699064075	0.3930885529157667	0.12347012239020878	0.3286537077033837
>TCACACCTAGGTGTGA	T	8.0
0.007307476110174255	0.021922428330522766	0.0030916245081506464	0.9676784710511523
0.2607633232487782	0.5559692808936467	0.15371189201768676	0.029555503839888295
0.6934399418499001	0.00999454842813011	0.2571324731964383	0.039433036525531526
0.0	0.9996200607902735	0.0	0.00037993920972644377
0.9668079096045198	0.0	0.033192090395480225	0.0
0.03737356420366878	0.8750214297959883	0.019029658837647866	0.068575347162695
0.24828263002944062	0.4817359066623051	0.18176861847126813	0.08821284483698615
0.07857589006870706	0.07632729544034979	0.026733291692692066	0.8183635227982511
0.8017341040462428	0.023314065510597302	0.09460500963391137	0.08034682080924856
0.09026248941574937	0.16968670618120238	0.49271803556308214	0.24733276883996613
0.07851239669421488	0.015938606847697757	0.8623376623376623	0.04321133412042503
0.0	0.027220630372492838	0.0018624641833810888	0.9709169054441261
0.0015706806282722514	0.0	0.9984293193717277	0.0
0.05662921348314607	0.2642696629213483	0.0077528089887640445	0.6713483146067416
0.03612590799031477	0.11980629539951573	0.6835835351089589	0.16048426150121065
0.9675249362096962	0.0027835768963117608	0.025748086290883786	0.003943400603108328
>GAGCGTGACCCC	PAX5	8.0
0.38243626062322944	0.12677053824362605	0.4093484419263456	0.08144475920679886
0.4426345609065156	0.1048158640226629	0.2507082152974504	0.20184135977337112
0.012747875354107648	0.10694050991501416	0.8718130311614731	0.0084985835694051
0.012747875354107648	0.9036827195467422	0.024079320113314446	0.059490084985835696
0.07861189801699717	0.024787535410764873	0.8803116147308782	0.016288951841359773
0.06657223796033994	0.06232294617563739	0.021246458923512748	0.8498583569405099
0.0113314447592068	0.026203966005665724	0.9596317280453258	0.0028328611898017
0.8803116147308782	0.02762039660056657	0.049575070821529746	0.042492917847025496
0.0226628895184136	0.9242209631728046	0.04036827195467422	0.012747875354107648
0.04886685552407932	0.7655807365439093	0.08356940509915015	0.10198300283286119
0.2669971671388102	0.2868271954674221	0.22096317280453256	0.22521246458923513
0.18626062322946177	0.28541076487252126	0.25424929178470257	0.27407932011331443
>CAAAGGTCAAGGG	NR2F1	8.0
0.20430565010211027	0.4869809394145677	0.13938053097345132	0.16933287950987067
0.6025375238411145	0.14031014180280288	0.09561323492826934	0.16153909942781325
0.5252114778570244	0.03209487477193564	0.4037983081771438	0.03889533919389617
0.6914625213640433	0.0	0.3085374786359567	0.0
0.0	0.0024815948382827364	0.9975184051617173	0.0
0.0	0.0	1.0	0.0
0.0	0.0	0.0	1.0
0.0	1.0	0.0	0.0
0.9925102880658436	0.0	0.007489711934156379	0.0
0.4242474500373165	0.25333775603283853	0.13417364623932332	0.1882411476905216
0.2677668131685878	0.24595737623351854	0.36445808110125216	0.12181772949664152
0.2716643171075545	0.20482627083506094	0.32224894269839954	0.20126046935898498
0.11612362536282245	0.05952332284043988	0.7535055803115163	0.07084747148522137
>GGTGACGTCACC	CREB1	8.0
0.21805273833671399	0.2196303808879874	0.3254451205769664	0.2368717601983322
0.31530313274735183	0.23382916384944782	0.36950642325895877	0.0813612801442416
0.023551949515438358	0.024002704530087897	0.0196078431372549	0.9328375028172189
0.01431147171512283	0.025129592066711743	0.9356547216587785	0.02490421455938697
0.9394861392832995	0.010705431597926527	0.03290511606941627	0.016903313049357674
0.023664638269100743	0.8052738336713996	0.0625422582826234	0.10851926977687627
0.10851926977687627	0.0625422582826234	0.8052738336713996	0.023664638269100743
0.016903313049357674	0.03290511606941627	0.010705431597926527	0.9394861392832995
0.02490421455938697	0.9356547216587785	0.025129592066711743	0.01431147171512283
0.9328375028172189	0.0196078431372549	0.024002704530087897	0.023551949515438358
0.0813612801442416	0.36950642325895877	0.23382916384944782	0.31530313274735183
0.2368717601983322	0.3254451205769664	0.2196303808879874	0.21805273833671399
>AGATGCAATCCC	Ddit3::Cebpa	8.0
0.358974358974359	0.1794871794871795	0.3076923076923077	0.15384615384615385
0.28205128205128205	0.1794871794871795	0.358974358974359	0.1794871794871795
0.46153846153846156	0.07692307692307693	0.38461538461538464	0.07692307692307693
0.0	0.02564102564102564	0.0	0.9743589743589743
0.0	0.0	0.9743589743589743	0.02564102564102564
0.10256410256410256	0.8461538461538461	0.0	0.05128205128205128
0.9743589743589743	0.02564102564102564	0.0	0.0
0.9230769230769231	0.05128205128205128	0.02564102564102564	0.0
0.0	0.15384615384615385	0.0	0.8461538461538461
0.358974358974359	0.4358974358974359	0.1282051282051282	0.07692307692307693
0.10256410256410256	0.5897435897435898	0.23076923076923078	0.07692307692307693
0.0	0.6666666666666666	0.15384615384615385	0.1794871794871795
>TTTGGCGCCAAA	E2F1	8.0
0.2482893450635386	0.11241446725317693	0.08699902248289346	0.552297165200391
0.23512195121951218	0.0448780487804878	0.0975609756097561	0.6224390243902439
0.2047244094488189	0.03543307086614173	0.14271653543307086	0.6171259842519685
0.05325443786982249	0.07001972386587771	0.8757396449704142	0.0009861932938856016
0.0	0.032586558044806514	0.9674134419551935	0.0
0.0	0.9966722129783694	0.0	0.0033277870216306157
0.0	0.0009900990099009901	0.999009900990099	0.0
0.0032948929159802307	0.9686985172981878	0.02800658978583196	0.0
0.0	0.8573551263001485	0.06835066864784546	0.07429420505200594
0.6282973621103117	0.20503597122302158	0.023980815347721823	0.14268585131894485
0.6144578313253012	0.0963855421686747	0.06987951807228916	0.21927710843373494
0.5583238958097395	0.06681766704416761	0.12684031710079274	0.2480181200453001
>TTATGTAACGT	NFIL3	8.0
0.043478260869565216	0.0	0.0	0.9565217391304348
0.0	0.0	0.08695652173913043	0.9130434782608695
0.9565217391304348	0.0	0.0	0.043478260869565216
0.0	0.34782608695652173	0.0	0.6521739130434783
0.08695652173913043	0.0	0.9130434782608695	0.0
0.0	0.0	0.0	1.0
1.0	0.0	0.0	0.0
0.9565217391304348	0.0	0.043478260869565216	0.0
0.0	0.4782608695652174	0.17391304347826086	0.34782608695652173
0.30434782608695654	0.21739130434782608	0.30434782608695654	0.17391304347826086
0.21739130434782608	0.21739130434782608	0.13043478260869565	0.43478260869565216
>CTAATTAG	EN1	8.0
0.14769975786924938	0.4060878588723625	0.26461432030439297	0.18159806295399517
0.034678226075358455	0.4428142714238079	0.0016672224074691564	0.5208402800933645
0.9444625939235544	0.03234237177393009	0.02319503430251552	0.0
0.9904076738609112	0.009592326139088728	0.0	0.0
0.0	0.0	0.0	1.0
0.01586418035068188	0.1344280545505149	0.04508767047035903	0.8046200946284442
0.9469374385849983	0.0	0.00982640026203734	0.043236161152964296
0.23840830449826989	0.23633217993079586	0.4207612456747405	0.10449826989619378
>ACCGGAAGTG	ELK1	8.0
0.6813070767766308	0.040901924621471276	0.19274474224350774	0.0850462563583901
0.02497024908695474	0.9398621199064385	0.030325413435101974	0.00484221757150478
0.007762833542360421	0.9905072871167236	0.0012757860139255286	0.0004540933269904424
0.0	0.00045797531294979716	0.9989750076329219	0.0005670170541283203
8.590142811124236e-05	0.000880489638140234	0.9837216793729195	0.01531192956082895
0.9930626314306155	0.005051271489583107	0.0013441151603182518	0.000541981919483166
0.9471105138013026	0.006885144215858575	0.0012405665253799234	0.0447637754574589
0.05858813473716928	0.04586425269046972	0.889836434981934	0.005711177590426979
0.016914412334964452	0.11649893823285015	0.02073677407441603	0.8458498753577693
0.28978103783264564	0.14567642500054576	0.37708210535507675	0.18746043181173183
>AAGATAAGATAAGA	Mecom	8.0
0.5185185185185185	0.07407407407407407	0.2222222222222222	0.18518518518518517
0.7407407407407407	0.037037037037037035	0.07407407407407407	0.14814814814814814
0.0	0.037037037037037035	0.9259259259259259	0.037037037037037035
1.0	0.0	0.0	0.0
0.037037037037037035	0.37037037037037035	0.0	0.5925925925925926
1.0	0.0	0.0	0.0
0.9629629629629629	0.0	0.037037037037037035	0.0
0.0	0.0	1.0	0.0
1.0	0.0	0.0	0.0
0.0	0.1111111111111111	0.0	0.8888888888888888
0.8888888888888888	0.037037037037037035	0.0	0.07407407407407407
0.8518518518518519	0.0	0.14814814814814814	0.0
0.2222222222222222	0.25925925925925924	0.25925925925925924	0.25925925925925924
0.5555555555555556	0.2222222222222222	0.1111111111111111	0.1111111111111111
>CAAACGTAAACAAT	FOXF2	8.0
0.037037037037037035	0.37037037037037035	0.25925925925925924	0.3333333333333333
0.37037037037037035	0.25925925925925924	0.18518518518518517	0.18518518518518517
0.6296296296296297	0.14814814814814814	0.07407407407407407	0.14814814814814814
0.4642857142857143	0.17857142857142858	0.17857142857142858	0.17857142857142858
0.13636363636363635	0.5	0.36363636363636365	0.0
0.25925925925925924	0.0	0.7407407407407407	0.0
0.0	0.0	0.0	1.0
1.0	0.0	0.0	0.0
1.0	0.0	0.0	0.0
1.0	0.0	0.0	0.0
0.0	0.9259259259259259	0.0	0.07407407407407407
1.0	0.0	0.0	0.0
0.5925925925925926	0.14814814814814814	0.07407407407407407	0.18518518518518517
0.25925925925925924	0.14814814814814814	0.2222222222222222	0.37037037037037035
>GTAAACAT	FOXD1	8.0
0.05	0.05	0.85	0.05
0.0	0.0	0.0	1.0
0.95	0.05	0.0	0.0
1.0	0.0	0.0	0.0
0.9	0.05	0.05	0.0
0.05	0.9	0.0	0.05
1.0	0.0	0.0	0.0
0.35	0.1	0.15	0.4
>TATGTAAATAT	FOXC1	8.0
0.32975569866094245	0.039456199529796586	0.015537156291526117	0.6152509455177348
0.6952385574916274	0.035334660000970734	0.20215502596709217	0.06727175654030966
0.34438675334874996	0.08761289759588115	0.10567651293686461	0.4623238361185043
0.2573638482729392	0.017800381436745075	0.7221339266793813	0.00270184361093452
0.10839449342076693	0.0717418682416294	0.016936639596994832	0.8029269987406088
0.7069253570466182	0.2895176502290488	0.0011317704122877931	0.002425222312045271
0.9911547121260855	0.005789642972016726	0.0	0.0030556449018977164
0.9835620810724545	0.0029790403234386635	0.007500797957229493	0.005958080646877327
0.006497310539489801	0.4676998455557331	0.008787346221441126	0.517015497683336
0.9663408770187634	0.0014111744107040193	0.022631056290179273	0.009616892280353317
0.3168195140398979	0.07365037345182944	0.052330528505247234	0.5571995840030254
>GTAAACA	FOXL1	8.0
0.42610987228866815	0.002635313196837624	0.5428745185485506	0.028380295965943644
0.001920860545524395	0.07990779869381483	0.0	0.9181713407606608
0.8746569075937786	0.11491308325709057	0.010430009149130833	0.0
0.9890337264638941	0.007862611214566521	0.0	0.0031036623215394167
0.9731270358306189	0.016693811074918567	0.01017915309446254	0.0
0.0	0.7788702928870292	0.0	0.22112970711297072
0.9853638425066996	0.011131725417439703	0.0	0.0035044320758606472
>TTCTTATCTGT	Gata1	8.0
0.11333890281258702	0.2406571985519354	0.14090782511835143	0.5050960735171262
0.028181565023670287	0.3567808409913673	0.15549986076301867	0.45953773322194374
0.0	0.8281258702311334	0.02433862433862434	0.14753550543024227
0.0	0.03881927039821777	0.0	0.9611807296017822
0.0	0.0	0.0	1.0
1.0	0.0	0.0	0.0
0.0	0.0	0.0	1.0
0.0	1.0	0.0	0.0
0.12063492063492064	0.0	0.0	0.8793650793650793
0.1393483709273183	0.34341409078251184	0.3724310776942356	0.14480646059593427
0.10504037872458925	0.2824839877471456	0.08900027847396269	0.5234753550543024
>TTCTTATCTTT	GATA2	8.0
0.23239287975796805	0.20952648983325126	0.22521635122774925	0.33286427918103145
0.13973123197073103	0.2883979455428129	0.20868219235910787	0.3631886301273482
0.06613663547456554	0.7462886090199113	0.08604798423978048	0.10152677126574262
0.031239006543305425	0.018222753816928165	0.010553718426792372	0.939984521212974
0.029339337226482798	0.0023921761767396045	0.0014775205797509323	0.9667909660170266
0.9919088158727926	0.0009850137198339549	0.0030253992823471468	0.004080771125026385
0.01020192781256596	0.005417575459086751	0.0033771898965735594	0.9810033068317737
0.006754379793147119	0.9699570815450643	0.008865123478505594	0.01442341518328291
0.16695982551185534	0.03461619643987898	0.025821431084218673	0.772602546964047
0.2048828537254626	0.2613100682473792	0.25722929712235276	0.27657778090480545
0.230633926686836	0.27256736790262437	0.155913600225146	0.34088510518539367
>AGATAAGA	GATA3	8.0
0.502	0.226	0.001	0.271
0.0	0.0	1.0	0.0
1.0	0.0	0.0	0.0
0.0	0.0	0.0	1.0
0.914914914914915	0.002002002002002002	0.0	0.08308308308308308
0.862	0.015	0.076	0.047
0.114	0.301	0.476	0.109
0.423	0.188	0.321	0.068
>CAAATCACTG	Gfi1	8.0
0.16981132075471697	0.37735849056603776	0.16981132075471697	0.2830188679245283
0.5283018867924528	0.3018867924528302	0.1320754716981132	0.03773584905660377
1.0	0.0	0.0	0.0
1.0	0.0	0.0	0.0
0.018867924528301886	0.0	0.018867924528301886	0.9622641509433962
0.018867924528301886	0.9811320754716981	0.0	0.0
0.5849056603773585	0.1320754716981132	0.03773584905660377	0.24528301886792453
0.1509433962264151	0.5283018867924528	0.20754716981132076	0.11320754716981132
0.3584905660377358	0.20754716981132076	0.03773584905660377	0.39622641509433965
0.1320754716981132	0.24528301886792453	0.5283018867924528	0.09433962264150944
>CCACACCCTGC	KLF4	8.0
0.27038183694530443	0.49638802889576883	0.13003095975232198	0.10319917440660474
0.12074303405572756	0.6687306501547987	0.10835913312693499	0.1021671826625387
0.9535603715170279	0.014447884416924664	0.018575851393188854	0.013415892672858616
0.008255933952528379	0.978328173374613	0.006191950464396285	0.007223942208462332
0.8565531475748194	0.0020639834881320948	0.12693498452012383	0.014447884416924664
0.013415892672858616	0.9432404540763674	0.018575851393188854	0.02476780185758514
0.029927760577915376	0.9380804953560371	0.017543859649122806	0.014447884416924664
0.015479876160990712	0.9628482972136223	0.0041279669762641896	0.017543859649122806
0.2672858617131063	0.07430340557275542	0.04024767801857585	0.6181630546955624
0.18988648090815274	0.28792569659442724	0.29205366357069146	0.2301341589267286
0.23735810113519093	0.304437564499484	0.2084623323013416	0.24974200206398348
>TATTGTTTATT	Foxq1	8.0
0.2222222222222222	0.2222222222222222	0.16666666666666666	0.3888888888888889
0.7222222222222222	0.05555555555555555	0.16666666666666666	0.05555555555555555
0.2777777777777778	0.1111111111111111	0.0	0.6111111111111112
0.16666666666666666	0.0	0.0	0.8333333333333334
0.0	0.0	1.0	0.0
0.0	0.0	0.0	1.0
0.0	0.0	0.0	1.0
0.0	0.0	0.0	1.0
0.9444444444444444	0.0	0.05555555555555555	0.0
0.0	0.05555555555555555	0.2222222222222222	0.7222222222222222
0.3333333333333333	0.0	0.16666666666666666	0.5
>GAATGTTTGTTT	Foxd3	8.0
0.23404255319148937	0.06382978723404255	0.5531914893617021	0.14893617021276595
0.6382978723404256	0.0425531914893617	0.0	0.3191489361702128
0.5106382978723404	0.02127659574468085	0.0	0.46808510638297873
0.02127659574468085	0.0851063829787234	0.0	0.8936170212765957
0.2553191489361702	0.0	0.723404255319149	0.02127659574468085
0.0	0.0	0.0	1.0
0.02127659574468085	0.0	0.0	0.9787234042553191
0.10638297872340426	0.0	0.2127659574468085	0.6808510638297872
0.2978723404255319	0.0	0.44680851063829785	0.2553191489361702
0.1276595744680851	0.14893617021276595	0.0	0.723404255319149
0.02127659574468085	0.0425531914893617	0.0851063829787234	0.851063829787234
0.0	0.2553191489361702	0.0	0.7446808510638298
>GTAAACA	FOXI1	8.0
0.10596707818930041	0.006687242798353909	0.8873456790123457	0.0
0.013847305389221557	0.01122754491017964	0.00654940119760479	0.968375748502994
0.8996870653685675	0.09388038942976357	0.006432545201668985	0.0
0.995575221238938	0.004424778761061947	0.0	0.0
0.9777064046854336	0.0043453617986019275	0.005478934441715474	0.012469299074249008
0.025363489499192246	0.8360258481421647	0.0077544426494345715	0.1308562197092084
0.9929009976976209	0.0023023791250959325	0.004796623177283192	0.0
>CATTACGTAACC	HLF	8.0
0.20065481758652948	0.3437792329279701	0.1772684752104771	0.2782974742750234
0.38712938005390835	0.2398921832884097	0.3332210242587601	0.03975741239892183
0.0032618825722274	0.00046598322460391424	0.0	0.9962721342031687
0.0024691358024691358	0.015637860082304528	0.10205761316872428	0.8798353909465021
0.8659376265694613	0.0	0.12555690562980965	0.00850546780072904
0.005036937541974479	0.7179314976494291	0.01175285426460712	0.26527871054398927
0.43928035982008995	0.023738130934532732	0.5342328835582209	0.002748625687156422
0.018409169850642584	0.23619312261201805	0.0027787426189649182	0.7426189649183744
0.8798353909465021	0.11604938271604938	0.0016460905349794238	0.0024691358024691358
0.9944186046511628	0.0	0.002325581395348837	0.0032558139534883722
0.049901768172888016	0.4868369351669941	0.1100196463654224	0.3532416502946955
0.30121608980355474	0.34471468662301213	0.16838166510757718	0.18568755846585594
>AGTTAATGATTAACT	HNF1A	8.0
0.36815322637642234	0.17252102622093435	0.2466605413810163	0.21266520602162697
0.4592763157894737	0.02730263157894737	0.47157894736842104	0.041842105263157896
0.022804463852498787	0.06428918000970403	0.054767103347889375	0.8581392527899078
0.1473428730343328	0.10972341608939677	0.027506699701673663	0.7154270111745967
0.981751318345823	0.00020815986677768527	0.01706910907577019	0.0009714127116291979
0.9336808763362808	0.041771149531476835	0.0005279134221987594	0.024020060710043555
0.08036333816943166	0.02668264681763704	0.0004415568031287453	0.8925124582098025
0.23607577042691547	0.2650551314673452	0.3208934124964659	0.1779756856092734
0.9340506997623449	0.0005941378399788751	0.02237919197253763	0.042975970425138635
0.04523476269245451	0.0008270772362896043	0.053760020358824274	0.9001781397124317
0.0029120155307494973	0.015808084309782984	0.00027733481245233307	0.9810025653470151
0.8149876159207419	0.013651287368239156	0.07701169287483439	0.09434940383618455
0.8781108421771241	0.04313287407683237	0.06795754980450568	0.010798733941537889
0.08648145995582936	0.8223294199697779	0.03806811577356736	0.053121004300825295
0.28072655311329425	0.24220792988903808	0.16078874832143614	0.31627676867623156
>TGTTTACTTAGG	Foxa2	8.0
0.0012376237623762376	0.0012376237623762376	0.0012376237623762376	0.9962871287128713
0.273176761433869	0.003708281829419036	0.7194066749072929	0.003708281829419036
0.0012360939431396785	0.0012360939431396785	0.0012360939431396785	0.9962917181705809
0.0012360939431396785	0.003708281829419036	0.04449938195302843	0.9505562422744128
0.0012330456226880395	0.0012330456226880395	0.2157829839704069	0.781750924784217
0.908641975308642	0.0049382716049382715	0.08271604938271605	0.003703703703703704
0.0024691358024691358	0.8950617283950617	0.0024691358024691358	0.1
0.4177997527812114	0.09517923362175525	0.003708281829419036	0.48331273176761436
0.06180469715698393	0.32756489493201485	0.07169344870210136	0.5389369592088998
0.516728624535316	0.007434944237918215	0.02973977695167286	0.44609665427509293
0.16253101736972705	0.06575682382133995	0.598014888337469	0.17369727047146402
0.16064757160647572	0.24283935242839352	0.36114570361145704	0.23536737235367372
>CGCAGCTGCG	NHLH1	8.0
0.24276032039433149	0.66728280961183	0.05576093653727665	0.034195933456561925
0.15637720488466758	0.060719131614654004	0.7347354138398915	0.04816824966078698
0.0013831258644536654	0.9986168741355463	0.0	0.0
0.9981566820276497	0.0013824884792626728	0.0004608294930875576	0.0
0.0	0.11662146454862457	0.8392096086788067	0.04416892677256877
0.040234702430846606	0.9077954735959766	0.051969823973176864	0.0
0.0	0.0018399264029438822	0.0018399264029438822	0.9963201471941122
0.0009203865623561896	0.0018407731247123793	0.9967786470317533	0.0004601932811780948
0.10157858613589568	0.7433081674673988	0.035003431708991076	0.12010981468771448
0.06554586082145138	0.1566290700148968	0.46094913811449245	0.3168759310491594
>TTTTACTTTCACTTTCACTTT	IRF1	8.0
0.23201174743024963	0.23494860499265785	0.19530102790014683	0.3377386196769457
0.184287812041116	0.20851688693098386	0.184287812041116	0.42290748898678415
0.12701908957415564	0.23788546255506607	0.15565345080763582	0.47944199706314244
0.1013215859030837	0.315712187958884	0.10866372980910426	0.47430249632892807
0.539647577092511	0.07415565345080763	0.26505139500734215	0.1211453744493392
0.01762114537444934	0.5814977973568282	0.37151248164464024	0.02936857562408223
0.00881057268722467	0.0	0.0	0.9911894273127754
0.0	0.02276064610866373	0.0	0.9772393538913363
0.0	0.041116005873715125	0.002936857562408223	0.9559471365638766
0.0	0.9170337738619677	0.0	0.08296622613803231
0.6703377386196769	0.028634361233480177	0.17474302496328928	0.1262848751835536
0.014684287812041116	0.577826725403818	0.2533039647577093	0.15418502202643172
0.011747430249632892	0.0007342143906020558	0.0	0.9875183553597651
0.005139500734214391	0.010279001468428781	0.003671071953010279	0.9809104258443465
0.008076358296622614	0.042584434654919234	0.0	0.9493392070484582
0.012481644640234948	0.751101321585903	0.020558002936857563	0.21585903083700442
0.3766519823788546	0.17988252569750368	0.19309838472834068	0.25036710719530103
0.16005873715124816	0.3406754772393539	0.21365638766519823	0.2856093979441997
0.10646108663729809	0.13656387665198239	0.08370044052863436	0.6732745961820852
0.14537444933920704	0.14170337738619676	0.07268722466960352	0.6402349486049926
0.12187958883994127	0.24302496328928047	0.11086637298091043	0.5242290748898678
>GGAAAGTGAAAGCAAAAC	IRF2	8.0
0.0	0.3333333333333333	0.5833333333333334	0.08333333333333333
0.16666666666666666	0.0	0.8333333333333334	0.0
1.0	0.0	0.0	0.0
0.9166666666666666	0.0	0.0	0.08333333333333333
1.0	0.0	0.0	0.0
0.16666666666666666	0.0	0.8333333333333334	0.0
0.0	0.5	0.0	0.5
0.0	0.0	1.0	0.0
1.0	0.0	0.0	0.0
1.0	0.0	0.0	0.0
1.0	0.0	0.0	0.0
0.0	0.5	0.5	0.0
0.0	0.5833333333333334	0.16666666666666666	0.25
0.4166666666666667	0.16666666666666666	0.25	0.16666666666666666
0.5	0.0	0.16666666666666666	0.3333333333333333
0.5	0.08333333333333333	0.08333333333333333	0.3333333333333333
0.4166666666666667	0.16666666666666666	0.08333333333333333	0.3333333333333333
0.25	0.5	0.08333333333333333	0.16666666666666666
>TCTAAAAATAGA	MEF2A	8.0
0.1357318070318888	0.07031888798037612	0.3883892068683565	0.4055600981193786
0.047397769516728624	0.9024163568773235	0.0027881040892193307	0.047397769516728624
0.0	0.009183673469387756	0.0	0.9908163265306122
0.9928425357873211	0.003067484662576687	0.0	0.00408997955010225
0.5313463514902363	0.0	0.0020554984583761563	0.46659815005138744
0.8608156028368794	0.0017730496453900709	0.0	0.1374113475177305
0.9500978473581213	0.0	0.0	0.049902152641878667
0.9575936883629191	0.0039447731755424065	0.0	0.038461538461538464
0.0	0.0020554984583761563	0.0	0.9979445015416238
0.9969199178644764	0.002053388090349076	0.0	0.001026694045174538
0.14310494362532525	0.004336513443191674	0.8421509106678231	0.010407632263660017
0.5447154471544715	0.3324299909665763	0.037037037037037035	0.08581752484191509
>TGGGGA	MZF1	8.0
0.15	0.25	0.2	0.4
0.0	0.0	0.95	0.05
0.1	0.0	0.9	0.0
0.0	0.0	0.95	0.05
0.0	0.0	1.0	0.0
0.9	0.0	0.1	0.0
>GGAGGGGGAA	MZF1(var.2)	8.0
0.0625	0.25	0.4375	0.25
0.125	0.0	0.4375	0.4375
0.9375	0.0625	0.0	0.0
0.0	0.0	0.6875	0.3125
0.0	0.0	0.9375	0.0625
0.0	0.125	0.875	0.0
0.0	0.0	0.875	0.125
0.1875	0.0625	0.5	0.25
0.625	0.0	0.25	0.125
0.5	0.125	0.25	0.125
>ACCACGTGCT	MAX	8.0
0.480878289952014	0.22626145121419222	0.188308855605642	0.1045514032281518
0.27854545454545454	0.40858181818181816	0.2202181818181818	0.09265454545454545
0.005639913232104121	0.9943600867678959	0.0	0.0
0.9821454077988859	0.0	0.012426796171975433	0.005427796029138694
0.0	0.9668166479190101	0.000984251968503937	0.03219910011248594
0.0452980861902795	0.0053696819496076	0.9467162329615861	0.0026159988985267795
0.009685569904548007	0.02231892195395845	0.002807411566535654	0.9651880965749579
0.0	0.0038910505836575876	0.9909208819714657	0.005188067444876783
0.19505454545454545	0.3563636363636364	0.23825454545454544	0.21032727272727272
0.1631762652705061	0.3235892961023851	0.14339732402559627	0.36983711460151253
>GAGCACGTGGT	MAX::MYC	8.0
0.3333333333333333	0.047619047619047616	0.42857142857142855	0.19047619047619047
0.7142857142857143	0.047619047619047616	0.19047619047619047	0.047619047619047616
0.09523809523809523	0.42857142857142855	0.42857142857142855	0.047619047619047616
0.047619047619047616	0.9523809523809523	0.0	0.0
1.0	0.0	0.0	0.0
0.0	0.9523809523809523	0.0	0.047619047619047616
0.047619047619047616	0.0	0.9523809523809523	0.0
0.0	0.047619047619047616	0.0	0.9523809523809523
0.0	0.0	1.0	0.0
0.047619047619047616	0.047619047619047616	0.8571428571428571	0.047619047619047616
0.14285714285714285	0.23809523809523808	0.0	0.6190476190476191
>AACCAATCAGA	NFYA	8.0
0.39316062176165806	0.15689119170984456	0.3761658031088083	0.07378238341968912
0.3987564766839378	0.08373056994818653	0.3850777202072539	0.13243523316062175
0.004766839378238342	0.965181347150259	0.007046632124352332	0.02300518134715026
0.006424870466321244	0.9767875647668394	0.005803108808290156	0.010984455958549223
0.9705699481865285	0.006010362694300518	0.003523316062176166	0.019896373056994817
0.9500518134715026	0.019481865284974094	0.025699481865284975	0.004766839378238342
0.00766839378238342	0.027357512953367875	0.0022797927461139897	0.9626943005181348
0.03440414507772021	0.8735751295336788	0.0661139896373057	0.025906735751295335
0.8472538860103627	0.04414507772020725	0.10134715025906736	0.007253886010362694
0.1266321243523316	0.2344041450777202	0.562279792746114	0.0766839378238342
0.3844559585492228	0.2837305699481865	0.1838341968911917	0.14797927461139895
>CCGGAAGTGGC	Gabpa	8.0
0.032355915065722954	0.7765419615773509	0.19009100101112233	0.0010111223458038423
0.07077856420626896	0.9241658240647118	0.004044489383215369	0.0010111223458038423
0.0	0.0	0.9989909182643795	0.0010090817356205853
0.0	0.0	1.0	0.0
0.9979859013091642	0.0010070493454179255	0.0010070493454179255	0.0
0.9959718026183283	0.002014098690835851	0.0	0.002014098690835851
0.09475806451612903	0.03225806451612903	0.8729838709677419	0.0
0.056508577194752774	0.26337033299697277	0.03733602421796166	0.6427850655903128
0.15555555555555556	0.1383838383838384	0.6090909090909091	0.09696969696969697
0.26666666666666666	0.26464646464646463	0.41919191919191917	0.049494949494949494
0.23535353535353534	0.3606060606060606	0.22626262626262628	0.17777777777777778
>TTAATTG	Nkx2-5	8.0
0.4117647058823529	0.0	0.058823529411764705	0.5294117647058824
0.0	0.23529411764705882	0.0	0.7647058823529411
1.0	0.0	0.0	0.0
1.0	0.0	0.0	0.0
0.0	0.0	0.4117647058823529	0.5882352941176471
0.23529411764705882	0.11764705882352941	0.0	0.6470588235294118
0.11764705882352941	0.058823529411764705	0.6470588235294118	0.17647058823529413
>GTAGGGCAAAGGTCA	Pparg::Rxra	8.0
0.10968494749124855	0.36989498249708286	0.3733955659276546	0.147024504084014
0.11771561771561771	0.19347319347319347	0.14801864801864803	0.5407925407925408
0.45348837209302323	0.026744186046511628	0.42790697674418604	0.09186046511627907
0.11614401858304298	0.003484320557491289	0.7793263646922184	0.10104529616724739
0.16125290023201855	0.01740139211136891	0.7819025522041764	0.03944315545243619
0.16821345707656613	0.14965197215777262	0.4582366589327146	0.22389791183294663
0.08227114716106605	0.6338354577056778	0.2074159907300116	0.07647740440324449
0.9490150637311703	0.02433371958285052	0.01738122827346466	0.009269988412514484
0.6048667439165701	0.055619930475086905	0.3128621089223638	0.026651216685979143
0.8252314814814815	0.005787037037037037	0.15856481481481483	0.010416666666666666
0.09501738122827347	0.002317497103128621	0.8887601390498262	0.013904982618771726
0.047508690614136734	0.010428736964078795	0.8030127462340672	0.13904982618771727
0.02549246813441483	0.11471610660486674	0.3047508690614137	0.5550405561993047
0.06264501160092807	0.6438515081206496	0.16705336426914152	0.12645011600928074
0.7842227378190255	0.06728538283062645	0.054524361948955914	0.09396751740139211
>GTAGGTCACGGTGACCTACT	PPARG	8.0
0.10714285714285714	0.2857142857142857	0.5	0.10714285714285714
0.10714285714285714	0.0	0.0	0.8928571428571429
0.6785714285714286	0.0	0.32142857142857145	0.0
0.0	0.03571428571428571	0.9642857142857143	0.0
0.03571428571428571	0.0	0.9285714285714286	0.03571428571428571
0.0	0.03571428571428571	0.14285714285714285	0.8214285714285714
0.07142857142857142	0.8214285714285714	0.10714285714285714	0.0
0.9285714285714286	0.03571428571428571	0.0	0.03571428571428571
0.17857142857142858	0.5357142857142857	0.14285714285714285	0.14285714285714285
0.17857142857142858	0.25	0.35714285714285715	0.21428571428571427
0.14285714285714285	0.07142857142857142	0.6428571428571429	0.14285714285714285
0.03571428571428571	0.0	0.07142857142857142	0.8928571428571429
0.07142857142857142	0.17857142857142858	0.7142857142857143	0.03571428571428571
0.7857142857142857	0.17857142857142858	0.0	0.03571428571428571
0.03571428571428571	0.9642857142857143	0.0	0.0
0.0	0.8928571428571429	0.0	0.10714285714285714
0.10714285714285714	0.42857142857142855	0.0	0.4642857142857143
0.7857142857142857	0.17857142857142858	0.0	0.03571428571428571
0.17857142857142858	0.42857142857142855	0.21428571428571427	0.17857142857142858
0.25	0.0	0.03571428571428571	0.7142857142857143
>AGTCACGG	Pax2	8.0
0.3225806451612903	0.22580645161290322	0.16129032258064516	0.2903225806451613
0.22580645161290322	0.03225806451612903	0.6774193548387096	0.06451612903225806
0.0967741935483871	0.06451612903225806	0.0	0.8387096774193549
0.0	0.9032258064516129	0.03225806451612903	0.06451612903225806
0.8387096774193549	0.03225806451612903	0.0967741935483871	0.03225806451612903
0.06451612903225806	0.5483870967741935	0.03225806451612903	0.3548387096774194
0.06451612903225806	0.0	0.6129032258064516	0.3225806451612903
0.03225806451612903	0.3548387096774194	0.3548387096774194	0.25806451612903225
>CTAATTAG	PAX4	8.0
0.07088122605363985	0.6379310344827587	0.09003831417624521	0.20114942528735633
0.10720887245841035	0.05545286506469501	0.22181146025878004	0.6155268022181146
0.985207100591716	0.005917159763313609	0.0	0.008875739644970414
1.0	0.0	0.0	0.0
0.0	0.0	0.014792899408284023	0.985207100591716
0.04838709677419355	0.02956989247311828	0.026881720430107527	0.8951612903225806
0.748314606741573	0.2	0.024719101123595506	0.02696629213483146
0.24311183144246354	0.1507293354943274	0.539708265802269	0.06645056726094004
>TTCACGCATGAGTT	Pax6	8.0
0.046511627906976744	0.09302325581395349	0.09302325581395349	0.7674418604651163
0.046511627906976744	0.046511627906976744	0.0	0.9069767441860465
0.09302325581395349	0.6046511627906976	0.023255813953488372	0.27906976744186046
0.9069767441860465	0.046511627906976744	0.023255813953488372	0.023255813953488372
0.06976744186046512	0.7906976744186046	0.023255813953488372	0.11627906976744186
0.023255813953488372	0.0	0.9534883720930233	0.023255813953488372
0.023255813953488372	0.8604651162790697	0.09302325581395349	0.023255813953488372
0.4883720930232558	0.046511627906976744	0.046511627906976744	0.4186046511627907
0.023255813953488372	0.09302325581395349	0.023255813953488372	0.8604651162790697
0.046511627906976744	0.32558139534883723	0.5813953488372093	0.046511627906976744
0.8372093023255814	0.0	0.13953488372093023	0.023255813953488372
0.2558139534883721	0.2558139534883721	0.3023255813953488	0.18604651162790697
0.023255813953488372	0.11627906976744186	0.06976744186046512	0.7906976744186046
0.023255813953488372	0.0	0.3953488372093023	0.5813953488372093
>CCATCAATCAAA	PBX1	8.0
0.2777777777777778	0.3333333333333333	0.1111111111111111	0.2777777777777778
0.16666666666666666	0.5	0.16666666666666666	0.16666666666666666
0.8888888888888888	0.05555555555555555	0.05555555555555555	0.0
0.05555555555555555	0.05555555555555555	0.0	0.8888888888888888
0.0	1.0	0.0	0.0
0.9444444444444444	0.05555555555555555	0.0	0.0
0.9444444444444444	0.0	0.0	0.05555555555555555
0.0	0.0	0.05555555555555555	0.9444444444444444
0.0	1.0	0.0	0.0
0.8888888888888888	0.05555555555555555	0.0	0.05555555555555555
0.6666666666666666	0.0	0.05555555555555555	0.2777777777777778
0.4444444444444444	0.1111111111111111	0.1111111111111111	0.3333333333333333
>ATCAAGGTCA	RORA	8.0
0.6	0.04	0.08	0.28
0.36	0.04	0.0	0.6
0.24	0.48	0.16	0.12
0.44	0.08	0.2	0.28
0.84	0.0	0.16	0.0
0.0	0.0	1.0	0.0
0.0	0.0	1.0	0.0
0.0	0.0	0.0	1.0
0.0	1.0	0.0	0.0
1.0	0.0	0.0	0.0
>TATAAGTAGGTCAA	RORA(var.2)	8.0
0.25	0.2222222222222222	0.2222222222222222	0.3055555555555556
0.4722222222222222	0.05555555555555555	0.19444444444444445	0.2777777777777778
0.4166666666666667	0.0	0.08333333333333333	0.5
0.9722222222222222	0.027777777777777776	0.0	0.0
0.6388888888888888	0.0	0.0	0.3611111111111111
0.05555555555555555	0.3333333333333333	0.3611111111111111	0.25
0.0	0.0	0.0	1.0
0.7777777777777778	0.0	0.2222222222222222	0.0
0.0	0.0	1.0	0.0
0.0	0.0	1.0	0.0
0.0	0.0	0.0	1.0
0.0	1.0	0.0	0.0
1.0	0.0	0.0	0.0
0.4166666666666667	0.16666666666666666	0.2777777777777778	0.1388888888888889
>CCCCAAACCACCCCCCCCCA	RREB1	8.0
0.2727272727272727	0.7272727272727273	0.0	0.0
0.09090909090909091	0.9090909090909091	0.0	0.0
0.2727272727272727	0.7272727272727273	0.0	0.0
0.0	1.0	0.0	0.0
0.6363636363636364	0.36363636363636365	0.0	0.0
0.8181818181818182	0.18181818181818182	0.0	0.0
0.7272727272727273	0.2727272727272727	0.0	0.0
0.36363636363636365	0.5454545454545454	0.0	0.09090909090909091
0.0	1.0	0.0	0.0
1.0	0.0	0.0	0.0
0.36363636363636365	0.6363636363636364	0.0	0.0
0.09090909090909091	0.9090909090909091	0.0	0.0
0.2727272727272727	0.7272727272727273	0.0	0.0
0.36363636363636365	0.5454545454545454	0.09090909090909091	0.0
0.18181818181818182	0.8181818181818182	0.0	0.0
0.36363636363636365	0.45454545454545453	0.0	0.18181818181818182
0.36363636363636365	0.45454545454545453	0.09090909090909091	0.09090909090909091
0.36363636363636365	0.5454545454545454	0.0	0.09090909090909091
0.09090909090909091	0.6363636363636364	0.2727272727272727	0.0
0.36363636363636365	0.36363636363636365	0.18181818181818182	0.09090909090909091
>GGGTCAACGGGTTCA	RXRA::VDR	8.0
0.3	0.0	0.7	0.0
0.0	0.0	1.0	0.0
0.0	0.0	0.9	0.1
0.0	0.0	0.0	1.0
0.0	0.9	0.0	0.1
0.9	0.0	0.1	0.0
0.4	0.2	0.0	0.4
0.2	0.4	0.2	0.2
0.2	0.0	0.8	0.0
0.5	0.0	0.5	0.0
0.0	0.0	1.0	0.0
0.0	0.0	0.0	1.0
0.1	0.0	0.0	0.9
0.0	0.9	0.0	0.1
0.7	0.1	0.2	0.0
>CCAATTAA	Prrx2	8.0
0.16727272727272727	0.3953246753246753	0.18571428571428572	0.2516883116883117
0.09032401242787394	0.45539280958721706	0.055481580115401684	0.3988015978695073
0.7823170731707317	0.0733739837398374	0.08373983739837398	0.06056910569105691
0.9003508771929825	0.05426900584795322	0.029005847953216375	0.016374269005847954
0.003337612323491656	0.005648267008985879	0.0028241335044929395	0.9881899871630295
0.09213127718465797	0.099644128113879	0.04725187821273231	0.7609727164887308
0.8580026749888542	0.04413731609451627	0.008693713776192599	0.08916629514043692
0.32060275396206805	0.22811119771369187	0.26890101325019483	0.18238503507404522
>CCACTTCCGGC	ELK4	8.0
0.08695652173913043	0.42544499562299387	0.2585351619492267	0.22906332068864896
0.11409395973154363	0.5558797782316895	0.166326232856726	0.16370002918004084
0.5935220309308433	0.04231105923548293	0.3028888240443537	0.061278085789320105
0.0	0.7843594981032973	0.0046688065363291505	0.2109716953603735
0.0023344032681645753	0.0	0.0	0.9976655967318354
0.0	0.0	0.0	1.0
0.0	1.0	0.0	0.0
0.0	1.0	0.0	0.0
0.0	0.0	0.8505981908374671	0.14940180916253282
0.0	0.14619200466880652	0.829588561423986	0.02421943390720747
0.08462211847096586	0.36562591187627663	0.19492267289174206	0.3548292967610155
>CCATTGTTC	SOX9	8.0
0.039473684210526314	0.7236842105263158	0.11842105263157894	0.11842105263157894
0.10526315789473684	0.5	0.07894736842105263	0.3157894736842105
0.9342105263157895	0.013157894736842105	0.0	0.05263157894736842
0.02631578947368421	0.013157894736842105	0.02631578947368421	0.9342105263157895
0.09210526315789473	0.0	0.05263157894736842	0.8552631578947368
0.02631578947368421	0.02631578947368421	0.9473684210526315	0.0
0.17105263157894737	0.0	0.05263157894736842	0.7763157894736842
0.11842105263157894	0.09210526315789473	0.07894736842105263	0.7105263157894737
0.18421052631578946	0.40789473684210525	0.09210526315789473	0.3157894736842105
>TTCATTGTC	Sox17	8.0
0.22580645161290322	0.2903225806451613	0.1935483870967742	0.2903225806451613
0.25806451612903225	0.25806451612903225	0.12903225806451613	0.3548387096774194
0.0967741935483871	0.5806451612903226	0.03225806451612903	0.2903225806451613
0.967741935483871	0.0	0.0	0.03225806451612903
0.0	0.03225806451612903	0.0	0.967741935483871
0.0	0.0	0.0	1.0
0.0	0.0	1.0	0.0
0.0	0.0	0.06451612903225806	0.9354838709677419
0.0	0.5483870967741935	0.3225806451612903	0.12903225806451613
>GCCCCGCCCCC	SP1	8.0
0.0981222807419281	0.2044882070070987	0.48900847263567665	0.20838103961529655
0.0	0.7115869017632241	0.0735058392489123	0.21490725898786353
0.011335012594458438	0.7674604991985344	0.0	0.2212044882070071
0.0	1.0	0.0	0.0
0.0	0.9916418594000458	0.0	0.008358140599954203
0.1555988092512022	0.0	0.5294252347149072	0.31497595603389056
0.0	1.0	0.0	0.0
0.0	1.0	0.0	0.0
0.0	0.7647126173574537	0.0	0.23528738264254637
0.12067781085413327	0.7278452026562858	0.0	0.15147698648958094
0.07465079001602931	0.5689260361804442	0.08403938630638882	0.2723837874971376
>AAAAAGCGGAAGTA	SPI1	8.0
0.6448766138257885	0.09070109495015526	0.18663180258212125	0.07779048864193495
0.9111884270280168	0.004761032777879509	0.06903497527925288	0.01501556491485076
0.9921460828588259	0.00039269585705870805	0.0015707834282348322	0.005890437855880621
0.9807505347073693	0.0	0.0	0.01924946529263076
0.8996488634263538	0.0007392348918868971	0.002772130844575864	0.09683977083718351
0.008825648414985591	0.04430835734870317	0.9465057636887608	0.00036023054755043225
0.27212020033388984	0.6173926240704204	0.11033540749734407	0.00015176809834572774
0.005438859714928732	0.00018754688672168043	0.9939984996249063	0.00037509377344336085
